bp1_chr	bp1_pos	bp2_chr	bp2_pos	classification
22	16352607	22	16344877	DEL
22	18240675	22	18232334	INV
22	18240676	22	18232335	INV
22	32468306	22	19355229	DEL
22	32469104	22	19355230	INTINS
22	19940482	22	19937820	INV
22	19937819	22	19940481	INV
22	21383572	22	21382745	INV
22	21383573	22	21382746	INV
22	22477579	22	22419667	DUP
22	23499594	22	23499551	DEL
22	23940986	22	23940300	DEL
22	24295090	22	24198467	INV
22	24198466	22	24295089	INV
22	24912998	22	24912083	DEL
22	42736448	22	25316814	DEL
22	42782612	22	25316816	INTINS
22	25937600	22	25870103	INV
22	25937601	22	25870104	INV
22	26401623	22	26480071	DEL
22	26514854	22	26514619	DEL
22	37241799	22	27220069	DEL
22	37251173	22	27220071	TRX
22	27806188	22	27803418	DUP
22	39768118	22	27896008	DUP
22	39768117	22	27969187	INTINS
22	48707967	22	28301432	DEL
22	48765884	22	28301433	TRX
22	28537071	22	28536199	DEL
22	29749644	22	29749587	DEL
22	30756686	22	30755860	DEL
22	31134339	22	31064075	INV
22	31134340	22	31064076	INV
22	31879391	22	31879185	DUP
22	32140313	22	32140276	DEL
22	45768420	22	32530414	DEL
22	45848893	22	32530415	INTINS
22	33196189	22	33193041	INV
22	33196188	22	33193044	INV
22	36844687	22	33701148	DUP
22	36844688	22	33703746	INTINS
22	49237322	22	33838100	DEL
22	49243681	22	33838102	INTINS
22	34118849	22	34113916	DEL
22	34948743	22	34941867	DUP
22	36006165	22	35997899	DEL
22	36280115	22	36279646	DEL
22	37251174	22	37241799	DEL
22	46526695	22	37854644	DEL
22	46527359	22	37854645	TRX
22	39234145	22	39233505	DEL
22	21572576	22	39233507	DEL
22	40992097	22	40982529	DEL
22	41716169	22	41710338	DEL
22	42043100	22	42033894	INV
22	42043101	22	42033895	INV
22	42782608	22	42736443	DEL
22	43092229	22	43082465	DEL
22	43622862	22	43617301	DUP
22	44438449	22	44438070	DUP
22	44522245	22	44516164	DEL
22	45183730	22	45174341	DUP
22	46243412	22	46240031	DUP
22	46527360	22	46526694	DEL
22	47418862	22	47418411	DUP
22	47686284	22	47663198	INV
22	47686284	22	47663200	INV
22	48150443	22	48149591	DEL
22	48765885	22	48707966	DEL
22	49196794	22	49162623	DUP
22	49865899	22	49811290	DUP
