chr1	pos1	chr2	pos2
12	227543	12	228250
12	333589	12	338298
12	461142	12	465988
12	526623	12	554937
12	693710	12	696907
12	723799	12	724727
12	813928	12	884829
12	959608	12	967136
12	1064447	12	1099505
12	1183023	12	1183690
12	1265893	12	1268989
12	1356651	12	1363534
12	1430054	12	1483168
12	1575355	12	1576257
12	1639833	12	1649367
12	1773828	12	1782142
12	1800001	12	1850991
12	1992916	12	1995583
12	2047599	12	2050731
12	2161590	12	2165773
12	2211205	12	2218302
12	2448062	12	2497689
12	2574958	12	2583578
12	2610787	12	2649758
12	2771143	12	2772079
12	2841793	12	2844185
12	2956246	12	2965262
12	3011096	12	3011636
12	3103144	12	3189022
12	3281235	12	3282120
12	3575572	12	3580879
12	3637336	12	3645622
12	3783998	12	3789071
12	3852442	12	3853432
12	3913036	12	3956812
12	4014984	12	4091795
12	4139154	12	4163007
12	4217593	12	4273129
12	4412649	12	4452997
12	4564715	12	4573253
12	4660324	12	4662408
12	4790871	12	4799843
12	4851609	12	4885457
12	5070014	12	5078046
12	5152542	12	5153147
12	5204375	12	5208910
12	5310711	12	5362826
12	5421016	12	5451327
12	5582261	12	5588430
12	5643983	12	5652589
12	5771187	12	5772156
12	5842533	12	5879170
12	5902002	12	5988100
12	6025833	12	6047959
12	6164504	12	6165469
12	6208279	12	6298193
12	6367995	12	6375792
12	6432722	12	6439065
12	6671469	12	6677207
12	6703575	12	6726973
12	6874374	12	6877228
12	6974224	12	6974874
12	7301338	12	7398915
12	7445772	12	7449144
12	7560071	12	7568027
12	7657115	12	7664595
12	7810579	12	7869018
12	8005312	12	8099992
12	8128583	12	8182888
12	8225977	12	8294590
12	8707814	12	8708637
12	8802165	12	8803122
12	8984418	12	8992201
12	9037469	12	9038211
12	9104035	12	9199841
12	9206819	12	9226911
12	9329268	12	9334024
12	9409143	12	9499657
12	9519941	12	9586607
12	9783797	12	9784359
12	9842732	12	9851307
12	9925568	12	9926527
12	10023814	12	10051215
12	10143114	12	10146218
12	10336179	12	10345889
12	10428365	12	10428922
12	10506113	12	10564318
12	10753537	12	10799012
12	10818900	12	10887127
12	10964013	12	10964549
12	11013132	12	11036039
12	11185473	12	11188317
12	11475885	12	11476544
12	11592544	12	11593270
12	11628720	12	11633897
12	11750567	12	11751379
12	11811657	12	11812352
12	11902584	12	11973233
12	12163612	12	12169820
12	12224386	12	12225309
